[0,1,S,0,0,A,0,0],
[0,1,S,0,0,A,1,0],
[1,1,S,0,0,A,2,0],
[1,1,S,0,0,A,3,0],
[0,1,S,0,0,A,4,0],
[0,1,C,0,0,A,0,0],
[0,1,C,0,0,A,1,0],
[1,1,C,0,0,A,2,0],
[1,1,C,0,0,A,3,0],
[0,1,C,0,0,A,4,0],
[0,1,Q,0,0,A,0,0],
[0,1,Q,0,0,A,1,0],
[1,1,Q,0,0,A,2,0],
[1,1,Q,0,0,A,3,0],
[0,1,Q,0,0,A,4,0],
[0,1,S,0,0,B,0,1],
[0,1,S,0,0,B,1,1],
[0,1,S,0,0,B,2,1],
[1,1,S,0,0,B,3,1],
[1,1,S,0,0,B,4,1],
[0,1,C,0,0,B,0,1],
[0,1,C,0,0,B,1,1],
[0,1,C,0,0,B,2,1],
[1,1,C,0,0,B,3,1],
[1,1,C,0,0,B,4,1],
[0,1,Q,0,0,B,0,1],
[0,1,Q,0,0,B,1,1],
[0,1,Q,0,0,B,2,1],
[1,1,Q,0,0,B,3,1],
[1,1,Q,0,0,B,4,1],
[0,1,S,0,0,C,0,1],
[0,1,S,0,0,C,1,1],
[0,1,S,0,0,C,2,1],
[1,1,S,0,0,C,3,1],
[1,1,S,0,0,C,4,1],
[0,1,C,0,0,C,0,1],
[0,1,C,0,0,C,1,1],
[0,1,C,0,0,C,2,1],
[1,1,C,0,0,C,3,1],
[1,1,C,0,0,C,4,1],
[0,1,Q,0,0,C,0,1],
[0,1,Q,0,0,C,1,1],
[0,1,Q,0,0,C,2,1],
[1,1,Q,0,0,C,3,1],
[1,1,Q,0,0,C,4,1],
[0,1,S,0,0,D,0,1],
[0,1,S,0,0,D,1,1],
[0,1,S,0,0,D,2,1],
[1,1,S,0,0,D,3,1],
[1,1,S,0,0,D,4,1],
[0,1,C,0,0,D,0,1],
[0,1,C,0,0,D,1,1],
[0,1,C,0,0,D,2,1],
[1,1,C,0,0,D,3,1],
[1,1,C,0,0,D,4,1],
[0,1,Q,0,0,D,0,1],
[0,1,Q,0,0,D,1,1],
[0,1,Q,0,0,D,2,1],
[1,1,Q,0,0,D,3,1],
[1,1,Q,0,0,D,4,1],
[0,1,S,0,0,E,0,1],
[0,1,S,0,0,E,1,1],
[0,1,S,0,0,E,2,1],
[1,1,S,0,0,E,3,1],
[1,1,S,0,0,E,4,1],
[0,1,C,0,0,E,0,1],
[0,1,C,0,0,E,1,1],
[0,1,C,0,0,E,2,1],
[1,1,C,0,0,E,3,1],
[1,1,C,0,0,E,4,1],
[0,1,Q,0,0,E,0,1],
[0,1,Q,0,0,E,1,1],
[0,1,Q,0,0,E,2,1],
[1,1,Q,0,0,E,3,1],
[1,1,Q,0,0,E,4,1],
[0,1,S,0,0,F,0,0],
[0,1,S,0,0,F,1,0],
[1,1,S,0,0,F,2,0],
[1,1,S,0,0,F,3,0],
[0,1,S,0,0,F,4,0],
[0,1,C,0,0,F,0,0],
[0,1,C,0,0,F,1,0],
[1,1,C,0,0,F,2,0],
[1,1,C,0,0,F,3,0],
[0,1,C,0,0,F,4,0],
[0,1,Q,0,0,F,0,0],
[0,1,Q,0,0,F,1,0],
[1,1,Q,0,0,F,2,0],
[1,1,Q,0,0,F,3,0],
[0,1,Q,0,0,F,4,0],
[0,1,S,0,0,G,0,0],
[0,1,S,0,0,G,1,0],
[1,1,S,0,0,G,2,0],
[1,1,S,0,0,G,3,0],
[0,1,S,0,0,G,4,0],
[0,1,C,0,0,G,0,0],
[0,1,C,0,0,G,1,0],
[1,1,C,0,0,G,2,0],
[1,1,C,0,0,G,3,0],
[0,1,C,0,0,G,4,0],
[0,1,Q,0,0,G,0,0],
[0,1,Q,0,0,G,1,0],
[1,1,Q,0,0,G,2,0],
[1,1,Q,0,0,G,3,0],
[0,1,Q,0,0,G,4,0],
[1,1,S,0,1,A,0,0],
[1,1,S,0,1,A,1,0],
[1,1,S,0,1,A,2,0],
[1,1,S,0,1,A,3,0],
[1,1,S,0,1,A,4,0],
[1,1,C,0,1,A,0,0],
[1,1,C,0,1,A,1,0],
[1,1,C,0,1,A,2,0],
[1,1,C,0,1,A,3,0],
[1,1,C,0,1,A,4,0],
[1,1,Q,0,1,A,0,0],
[1,1,Q,0,1,A,1,0],
[1,1,Q,0,1,A,2,0],
[1,1,Q,0,1,A,3,0],
[1,1,Q,0,1,A,4,0],
[1,1,S,0,1,B,0,1],
[1,1,S,0,1,B,1,1],
[1,1,S,0,1,B,2,1],
[1,1,S,0,1,B,3,1],
[1,1,S,0,1,B,4,1],
[1,1,C,0,1,B,0,1],
[1,1,C,0,1,B,1,1],
[1,1,C,0,1,B,2,1],
[1,1,C,0,1,B,3,1],
[1,1,C,0,1,B,4,1],
[1,1,Q,0,1,B,0,1],
[1,1,Q,0,1,B,1,1],
[1,1,Q,0,1,B,2,1],
[1,1,Q,0,1,B,3,1],
[1,1,Q,0,1,B,4,1],
[1,1,S,0,1,C,0,1],
[1,1,S,0,1,C,1,1],
[1,1,S,0,1,C,2,1],
[1,1,S,0,1,C,3,1],
[1,1,S,0,1,C,4,1],
[1,1,C,0,1,C,0,1],
[1,1,C,0,1,C,1,1],
[1,1,C,0,1,C,2,1],
[1,1,C,0,1,C,3,1],
[1,1,C,0,1,C,4,1],
[1,1,Q,0,1,C,0,1],
[1,1,Q,0,1,C,1,1],
[1,1,Q,0,1,C,2,1],
[1,1,Q,0,1,C,3,1],
[1,1,Q,0,1,C,4,1],
[1,1,S,0,1,D,0,1],
[1,1,S,0,1,D,1,1],
[1,1,S,0,1,D,2,1],
[1,1,S,0,1,D,3,1],
[1,1,S,0,1,D,4,1],
[1,1,C,0,1,D,0,1],
[1,1,C,0,1,D,1,1],
[1,1,C,0,1,D,2,1],
[1,1,C,0,1,D,3,1],
[1,1,C,0,1,D,4,1],
[1,1,Q,0,1,D,0,1],
[1,1,Q,0,1,D,1,1],
[1,1,Q,0,1,D,2,1],
[1,1,Q,0,1,D,3,1],
[1,1,Q,0,1,D,4,1],
[1,1,S,0,1,E,0,1],
[1,1,S,0,1,E,1,1],
[1,1,S,0,1,E,2,1],
[1,1,S,0,1,E,3,1],
[1,1,S,0,1,E,4,1],
[1,1,C,0,1,E,0,1],
[1,1,C,0,1,E,1,1],
[1,1,C,0,1,E,2,1],
[1,1,C,0,1,E,3,1],
[1,1,C,0,1,E,4,1],
[1,1,Q,0,1,E,0,1],
[1,1,Q,0,1,E,1,1],
[1,1,Q,0,1,E,2,1],
[1,1,Q,0,1,E,3,1],
[1,1,Q,0,1,E,4,1],
[1,1,S,0,1,F,0,0],
[1,1,S,0,1,F,1,0],
[1,1,S,0,1,F,2,0],
[1,1,S,0,1,F,3,0],
[1,1,S,0,1,F,4,0],
[1,1,C,0,1,F,0,0],
[1,1,C,0,1,F,1,0],
[1,1,C,0,1,F,2,0],
[1,1,C,0,1,F,3,0],
[1,1,C,0,1,F,4,0],
[1,1,Q,0,1,F,0,0],
[1,1,Q,0,1,F,1,0],
[1,1,Q,0,1,F,2,0],
[1,1,Q,0,1,F,3,0],
[1,1,Q,0,1,F,4,0],
[1,1,S,0,1,G,0,0],
[1,1,S,0,1,G,1,0],
[1,1,S,0,1,G,2,0],
[1,1,S,0,1,G,3,0],
[1,1,S,0,1,G,4,0],
[1,1,C,0,1,G,0,0],
[1,1,C,0,1,G,1,0],
[1,1,C,0,1,G,2,0],
[1,1,C,0,1,G,3,0],
[1,1,C,0,1,G,4,0],
[1,1,Q,0,1,G,0,0],
[1,1,Q,0,1,G,1,0],
[1,1,Q,0,1,G,2,0],
[1,1,Q,0,1,G,3,0],
[1,1,Q,0,1,G,4,0],
[1,1,S,1,0,A,0,0],
[1,1,S,1,0,A,1,0],
[1,1,S,1,0,A,2,0],
[1,1,S,1,0,A,3,0],
[1,1,S,1,0,A,4,0],
[1,1,C,1,0,A,0,0],
[1,1,C,1,0,A,1,0],
[1,1,C,1,0,A,2,0],
[1,1,C,1,0,A,3,0],
[1,1,C,1,0,A,4,0],
[1,1,Q,1,0,A,0,0],
[1,1,Q,1,0,A,1,0],
[1,1,Q,1,0,A,2,0],
[1,1,Q,1,0,A,3,0],
[1,1,Q,1,0,A,4,0],
[1,1,S,1,0,B,0,1],
[1,1,S,1,0,B,1,1],
[1,1,S,1,0,B,2,1],
[1,1,S,1,0,B,3,1],
[1,1,S,1,0,B,4,1],
[1,1,C,1,0,B,0,1],
[1,1,C,1,0,B,1,1],
[1,1,C,1,0,B,2,1],
[1,1,C,1,0,B,3,1],
[1,1,C,1,0,B,4,1],
[1,1,Q,1,0,B,0,1],
[1,1,Q,1,0,B,1,1],
[1,1,Q,1,0,B,2,1],
[1,1,Q,1,0,B,3,1],
[1,1,Q,1,0,B,4,1],
[1,1,S,1,0,C,0,1],
[1,1,S,1,0,C,1,1],
[1,1,S,1,0,C,2,1],
[1,1,S,1,0,C,3,1],
[1,1,S,1,0,C,4,1],
[1,1,C,1,0,C,0,1],
[1,1,C,1,0,C,1,1],
[1,1,C,1,0,C,2,1],
[1,1,C,1,0,C,3,1],
[1,1,C,1,0,C,4,1],
[1,1,Q,1,0,C,0,1],
[1,1,Q,1,0,C,1,1],
[1,1,Q,1,0,C,2,1],
[1,1,Q,1,0,C,3,1],
[1,1,Q,1,0,C,4,1],
[1,1,S,1,0,D,0,1],
[1,1,S,1,0,D,1,1],
[1,1,S,1,0,D,2,1],
[1,1,S,1,0,D,3,1],
[1,1,S,1,0,D,4,1],
[1,1,C,1,0,D,0,1],
[1,1,C,1,0,D,1,1],
[1,1,C,1,0,D,2,1],
[1,1,C,1,0,D,3,1],
[1,1,C,1,0,D,4,1],
[1,1,Q,1,0,D,0,1],
[1,1,Q,1,0,D,1,1],
[1,1,Q,1,0,D,2,1],
[1,1,Q,1,0,D,3,1],
[1,1,Q,1,0,D,4,1],
[1,1,S,1,0,E,0,1],
[1,1,S,1,0,E,1,1],
[1,1,S,1,0,E,2,1],
[1,1,S,1,0,E,3,1],
[1,1,S,1,0,E,4,1],
[1,1,C,1,0,E,0,1],
[1,1,C,1,0,E,1,1],
[1,1,C,1,0,E,2,1],
[1,1,C,1,0,E,3,1],
[1,1,C,1,0,E,4,1],
[1,1,Q,1,0,E,0,1],
[1,1,Q,1,0,E,1,1],
[1,1,Q,1,0,E,2,1],
[1,1,Q,1,0,E,3,1],
[1,1,Q,1,0,E,4,1],
[1,1,S,1,0,F,0,0],
[1,1,S,1,0,F,1,0],
[1,1,S,1,0,F,2,0],
[1,1,S,1,0,F,3,0],
[1,1,S,1,0,F,4,0],
[1,1,C,1,0,F,0,0],
[1,1,C,1,0,F,1,0],
[1,1,C,1,0,F,2,0],
[1,1,C,1,0,F,3,0],
[1,1,C,1,0,F,4,0],
[1,1,Q,1,0,F,0,0],
[1,1,Q,1,0,F,1,0],
[1,1,Q,1,0,F,2,0],
[1,1,Q,1,0,F,3,0],
[1,1,Q,1,0,F,4,0],
[1,1,S,1,0,G,0,0],
[1,1,S,1,0,G,1,0],
[1,1,S,1,0,G,2,0],
[1,1,S,1,0,G,3,0],
[1,1,S,1,0,G,4,0],
[1,1,C,1,0,G,0,0],
[1,1,C,1,0,G,1,0],
[1,1,C,1,0,G,2,0],
[1,1,C,1,0,G,3,0],
[1,1,C,1,0,G,4,0],
[1,1,Q,1,0,G,0,0],
[1,1,Q,1,0,G,1,0],
[1,1,Q,1,0,G,2,0],
[1,1,Q,1,0,G,3,0],
[1,1,Q,1,0,G,4,0],
[1,1,S,1,1,A,0,0],
[1,1,S,1,1,A,1,0],
[1,1,S,1,1,A,2,0],
[1,1,S,1,1,A,3,0],
[1,1,S,1,1,A,4,0],
[1,1,C,1,1,A,0,0],
[1,1,C,1,1,A,1,0],
[1,1,C,1,1,A,2,0],
[1,1,C,1,1,A,3,0],
[1,1,C,1,1,A,4,0],
[1,1,Q,1,1,A,0,0],
[1,1,Q,1,1,A,1,0],
[1,1,Q,1,1,A,2,0],
[1,1,Q,1,1,A,3,0],
[1,1,Q,1,1,A,4,0],
[1,1,S,1,1,B,0,1],
[1,1,S,1,1,B,1,1],
[1,1,S,1,1,B,2,1],
[1,1,S,1,1,B,3,1],
[1,1,S,1,1,B,4,1],
[1,1,C,1,1,B,0,1],
[1,1,C,1,1,B,1,1],
[1,1,C,1,1,B,2,1],
[1,1,C,1,1,B,3,1],
[1,1,C,1,1,B,4,1],
[1,1,Q,1,1,B,0,1],
[1,1,Q,1,1,B,1,1],
[1,1,Q,1,1,B,2,1],
[1,1,Q,1,1,B,3,1],
[1,1,Q,1,1,B,4,1],
[1,1,S,1,1,C,0,1],
[1,1,S,1,1,C,1,1],
[1,1,S,1,1,C,2,1],
[1,1,S,1,1,C,3,1],
[1,1,S,1,1,C,4,1],
[1,1,C,1,1,C,0,1],
[1,1,C,1,1,C,1,1],
[1,1,C,1,1,C,2,1],
[1,1,C,1,1,C,3,1],
[1,1,C,1,1,C,4,1],
[1,1,Q,1,1,C,0,1],
[1,1,Q,1,1,C,1,1],
[1,1,Q,1,1,C,2,1],
[1,1,Q,1,1,C,3,1],
[1,1,Q,1,1,C,4,1],
[1,1,S,1,1,D,0,1],
[1,1,S,1,1,D,1,1],
[1,1,S,1,1,D,2,1],
[1,1,S,1,1,D,3,1],
[1,1,S,1,1,D,4,1],
[1,1,C,1,1,D,0,1],
[1,1,C,1,1,D,1,1],
[1,1,C,1,1,D,2,1],
[1,1,C,1,1,D,3,1],
[1,1,C,1,1,D,4,1],
[1,1,Q,1,1,D,0,1],
[1,1,Q,1,1,D,1,1],
[1,1,Q,1,1,D,2,1],
[1,1,Q,1,1,D,3,1],
[1,1,Q,1,1,D,4,1],
[1,1,S,1,1,E,0,1],
[1,1,S,1,1,E,1,1],
[1,1,S,1,1,E,2,1],
[1,1,S,1,1,E,3,1],
[1,1,S,1,1,E,4,1],
[1,1,C,1,1,E,0,1],
[1,1,C,1,1,E,1,1],
[1,1,C,1,1,E,2,1],
[1,1,C,1,1,E,3,1],
[1,1,C,1,1,E,4,1],
[1,1,Q,1,1,E,0,1],
[1,1,Q,1,1,E,1,1],
[1,1,Q,1,1,E,2,1],
[1,1,Q,1,1,E,3,1],
[1,1,Q,1,1,E,4,1],
[1,1,S,1,1,F,0,0],
[1,1,S,1,1,F,1,0],
[1,1,S,1,1,F,2,0],
[1,1,S,1,1,F,3,0],
[1,1,S,1,1,F,4,0],
[1,1,C,1,1,F,0,0],
[1,1,C,1,1,F,1,0],
[1,1,C,1,1,F,2,0],
[1,1,C,1,1,F,3,0],
[1,1,C,1,1,F,4,0],
[1,1,Q,1,1,F,0,0],
[1,1,Q,1,1,F,1,0],
[1,1,Q,1,1,F,2,0],
[1,1,Q,1,1,F,3,0],
[1,1,Q,1,1,F,4,0],
[1,1,S,1,1,G,0,0],
[1,1,S,1,1,G,1,0],
[1,1,S,1,1,G,2,0],
[1,1,S,1,1,G,3,0],
[1,1,S,1,1,G,4,0],
[1,1,C,1,1,G,0,0],
[1,1,C,1,1,G,1,0],
[1,1,C,1,1,G,2,0],
[1,1,C,1,1,G,3,0],
[1,1,C,1,1,G,4,0],
[1,1,Q,1,1,G,0,0],
[1,1,Q,1,1,G,1,0],
[1,1,Q,1,1,G,2,0],
[1,1,Q,1,1,G,3,0],
[1,1,Q,1,1,G,4,0],
[0,2,S,0,0,A,0,0],
[0,2,S,0,0,A,1,0],
[0,2,S,0,0,A,2,0],
[0,2,S,0,0,A,3,0],
[0,2,S,0,0,A,4,0],
[0,2,C,0,0,A,0,0],
[0,2,C,0,0,A,1,0],
[0,2,C,0,0,A,2,0],
[0,2,C,0,0,A,3,0],
[0,2,C,0,0,A,4,0],
[0,2,Q,0,0,A,0,0],
[0,2,Q,0,0,A,1,0],
[0,2,Q,0,0,A,2,0],
[0,2,Q,0,0,A,3,0],
[0,2,Q,0,0,A,4,0],
[1,2,S,0,0,B,0,1],
[0,2,S,0,0,B,1,1],
[0,2,S,0,0,B,2,1],
[1,2,S,0,0,B,3,1],
[1,2,S,0,0,B,4,1],
[1,2,C,0,0,B,0,1],
[0,2,C,0,0,B,1,1],
[0,2,C,0,0,B,2,1],
[1,2,C,0,0,B,3,1],
[1,2,C,0,0,B,4,1],
[1,2,Q,0,0,B,0,1],
[0,2,Q,0,0,B,1,1],
[0,2,Q,0,0,B,2,1],
[1,2,Q,0,0,B,3,1],
[1,2,Q,0,0,B,4,1],
[1,2,S,0,0,C,0,1],
[0,2,S,0,0,C,1,1],
[0,2,S,0,0,C,2,1],
[1,2,S,0,0,C,3,1],
[1,2,S,0,0,C,4,1],
[1,2,C,0,0,C,0,1],
[0,2,C,0,0,C,1,1],
[0,2,C,0,0,C,2,1],
[1,2,C,0,0,C,3,1],
[1,2,C,0,0,C,4,1],
[1,2,Q,0,0,C,0,1],
[0,2,Q,0,0,C,1,1],
[0,2,Q,0,0,C,2,1],
[1,2,Q,0,0,C,3,1],
[1,2,Q,0,0,C,4,1],
[1,2,S,0,0,D,0,1],
[0,2,S,0,0,D,1,1],
[0,2,S,0,0,D,2,1],
[1,2,S,0,0,D,3,1],
[1,2,S,0,0,D,4,1],
[1,2,C,0,0,D,0,1],
[0,2,C,0,0,D,1,1],
[0,2,C,0,0,D,2,1],
[1,2,C,0,0,D,3,1],
[1,2,C,0,0,D,4,1],
[1,2,Q,0,0,D,0,1],
[0,2,Q,0,0,D,1,1],
[0,2,Q,0,0,D,2,1],
[1,2,Q,0,0,D,3,1],
[1,2,Q,0,0,D,4,1],
[1,2,S,0,0,E,0,1],
[0,2,S,0,0,E,1,1],
[0,2,S,0,0,E,2,1],
[1,2,S,0,0,E,3,1],
[1,2,S,0,0,E,4,1],
[1,2,C,0,0,E,0,1],
[0,2,C,0,0,E,1,1],
[0,2,C,0,0,E,2,1],
[1,2,C,0,0,E,3,1],
[1,2,C,0,0,E,4,1],
[1,2,Q,0,0,E,0,1],
[0,2,Q,0,0,E,1,1],
[0,2,Q,0,0,E,2,1],
[1,2,Q,0,0,E,3,1],
[1,2,Q,0,0,E,4,1],
[0,2,S,0,0,F,0,0],
[0,2,S,0,0,F,1,0],
[0,2,S,0,0,F,2,0],
[0,2,S,0,0,F,3,0],
[0,2,S,0,0,F,4,0],
[0,2,C,0,0,F,0,0],
[0,2,C,0,0,F,1,0],
[0,2,C,0,0,F,2,0],
[0,2,C,0,0,F,3,0],
[0,2,C,0,0,F,4,0],
[0,2,Q,0,0,F,0,0],
[0,2,Q,0,0,F,1,0],
[0,2,Q,0,0,F,2,0],
[0,2,Q,0,0,F,3,0],
[0,2,Q,0,0,F,4,0],
[0,2,S,0,0,G,0,0],
[0,2,S,0,0,G,1,0],
[0,2,S,0,0,G,2,0],
[0,2,S,0,0,G,3,0],
[0,2,S,0,0,G,4,0],
[0,2,C,0,0,G,0,0],
[0,2,C,0,0,G,1,0],
[0,2,C,0,0,G,2,0],
[0,2,C,0,0,G,3,0],
[0,2,C,0,0,G,4,0],
[0,2,Q,0,0,G,0,0],
[0,2,Q,0,0,G,1,0],
[0,2,Q,0,0,G,2,0],
[0,2,Q,0,0,G,3,0],
[0,2,Q,0,0,G,4,0],
[1,2,S,0,1,A,0,0],
[1,2,S,0,1,A,1,0],
[1,2,S,0,1,A,2,0],
[1,2,S,0,1,A,3,0],
[1,2,S,0,1,A,4,0],
[1,2,C,0,1,A,0,0],
[1,2,C,0,1,A,1,0],
[1,2,C,0,1,A,2,0],
[1,2,C,0,1,A,3,0],
[1,2,C,0,1,A,4,0],
[1,2,Q,0,1,A,0,0],
[1,2,Q,0,1,A,1,0],
[1,2,Q,0,1,A,2,0],
[1,2,Q,0,1,A,3,0],
[1,2,Q,0,1,A,4,0],
[1,2,S,0,1,B,0,1],
[1,2,S,0,1,B,1,1],
[1,2,S,0,1,B,2,1],
[1,2,S,0,1,B,3,1],
[1,2,S,0,1,B,4,1],
[1,2,C,0,1,B,0,1],
[1,2,C,0,1,B,1,1],
[1,2,C,0,1,B,2,1],
[1,2,C,0,1,B,3,1],
[1,2,C,0,1,B,4,1],
[1,2,Q,0,1,B,0,1],
[1,2,Q,0,1,B,1,1],
[1,2,Q,0,1,B,2,1],
[1,2,Q,0,1,B,3,1],
[1,2,Q,0,1,B,4,1],
[1,2,S,0,1,C,0,1],
[1,2,S,0,1,C,1,1],
[1,2,S,0,1,C,2,1],
[1,2,S,0,1,C,3,1],
[1,2,S,0,1,C,4,1],
[1,2,C,0,1,C,0,1],
[1,2,C,0,1,C,1,1],
[1,2,C,0,1,C,2,1],
[1,2,C,0,1,C,3,1],
[1,2,C,0,1,C,4,1],
[1,2,Q,0,1,C,0,1],
[1,2,Q,0,1,C,1,1],
[1,2,Q,0,1,C,2,1],
[1,2,Q,0,1,C,3,1],
[1,2,Q,0,1,C,4,1],
[1,2,S,0,1,D,0,1],
[1,2,S,0,1,D,1,1],
[1,2,S,0,1,D,2,1],
[1,2,S,0,1,D,3,1],
[1,2,S,0,1,D,4,1],
[1,2,C,0,1,D,0,1],
[1,2,C,0,1,D,1,1],
[1,2,C,0,1,D,2,1],
[1,2,C,0,1,D,3,1],
[1,2,C,0,1,D,4,1],
[1,2,Q,0,1,D,0,1],
[1,2,Q,0,1,D,1,1],
[1,2,Q,0,1,D,2,1],
[1,2,Q,0,1,D,3,1],
[1,2,Q,0,1,D,4,1],
[1,2,S,0,1,E,0,1],
[1,2,S,0,1,E,1,1],
[1,2,S,0,1,E,2,1],
[1,2,S,0,1,E,3,1],
[1,2,S,0,1,E,4,1],
[1,2,C,0,1,E,0,1],
[1,2,C,0,1,E,1,1],
[1,2,C,0,1,E,2,1],
[1,2,C,0,1,E,3,1],
[1,2,C,0,1,E,4,1],
[1,2,Q,0,1,E,0,1],
[1,2,Q,0,1,E,1,1],
[1,2,Q,0,1,E,2,1],
[1,2,Q,0,1,E,3,1],
[1,2,Q,0,1,E,4,1],
[1,2,S,0,1,F,0,0],
[1,2,S,0,1,F,1,0],
[1,2,S,0,1,F,2,0],
[1,2,S,0,1,F,3,0],
[1,2,S,0,1,F,4,0],
[1,2,C,0,1,F,0,0],
[1,2,C,0,1,F,1,0],
[1,2,C,0,1,F,2,0],
[1,2,C,0,1,F,3,0],
[1,2,C,0,1,F,4,0],
[1,2,Q,0,1,F,0,0],
[1,2,Q,0,1,F,1,0],
[1,2,Q,0,1,F,2,0],
[1,2,Q,0,1,F,3,0],
[1,2,Q,0,1,F,4,0],
[1,2,S,0,1,G,0,0],
[1,2,S,0,1,G,1,0],
[1,2,S,0,1,G,2,0],
[1,2,S,0,1,G,3,0],
[1,2,S,0,1,G,4,0],
[1,2,C,0,1,G,0,0],
[1,2,C,0,1,G,1,0],
[1,2,C,0,1,G,2,0],
[1,2,C,0,1,G,3,0],
[1,2,C,0,1,G,4,0],
[1,2,Q,0,1,G,0,0],
[1,2,Q,0,1,G,1,0],
[1,2,Q,0,1,G,2,0],
[1,2,Q,0,1,G,3,0],
[1,2,Q,0,1,G,4,0],
[1,2,S,1,0,A,0,0],
[1,2,S,1,0,A,1,0],
[1,2,S,1,0,A,2,0],
[1,2,S,1,0,A,3,0],
[1,2,S,1,0,A,4,0],
[1,2,C,1,0,A,0,0],
[1,2,C,1,0,A,1,0],
[1,2,C,1,0,A,2,0],
[1,2,C,1,0,A,3,0],
[1,2,C,1,0,A,4,0],
[1,2,Q,1,0,A,0,0],
[1,2,Q,1,0,A,1,0],
[1,2,Q,1,0,A,2,0],
[1,2,Q,1,0,A,3,0],
[1,2,Q,1,0,A,4,0],
[1,2,S,1,0,B,0,1],
[1,2,S,1,0,B,1,1],
[1,2,S,1,0,B,2,1],
[1,2,S,1,0,B,3,1],
[1,2,S,1,0,B,4,1],
[1,2,C,1,0,B,0,1],
[1,2,C,1,0,B,1,1],
[1,2,C,1,0,B,2,1],
[1,2,C,1,0,B,3,1],
[1,2,C,1,0,B,4,1],
[1,2,Q,1,0,B,0,1],
[1,2,Q,1,0,B,1,1],
[1,2,Q,1,0,B,2,1],
[1,2,Q,1,0,B,3,1],
[1,2,Q,1,0,B,4,1],
[1,2,S,1,0,C,0,1],
[1,2,S,1,0,C,1,1],
[1,2,S,1,0,C,2,1],
[1,2,S,1,0,C,3,1],
[1,2,S,1,0,C,4,1],
[1,2,C,1,0,C,0,1],
[1,2,C,1,0,C,1,1],
[1,2,C,1,0,C,2,1],
[1,2,C,1,0,C,3,1],
[1,2,C,1,0,C,4,1],
[1,2,Q,1,0,C,0,1],
[1,2,Q,1,0,C,1,1],
[1,2,Q,1,0,C,2,1],
[1,2,Q,1,0,C,3,1],
[1,2,Q,1,0,C,4,1],
[1,2,S,1,0,D,0,1],
[1,2,S,1,0,D,1,1],
[1,2,S,1,0,D,2,1],
[1,2,S,1,0,D,3,1],
[1,2,S,1,0,D,4,1],
[1,2,C,1,0,D,0,1],
[1,2,C,1,0,D,1,1],
[1,2,C,1,0,D,2,1],
[1,2,C,1,0,D,3,1],
[1,2,C,1,0,D,4,1],
[1,2,Q,1,0,D,0,1],
[1,2,Q,1,0,D,1,1],
[1,2,Q,1,0,D,2,1],
[1,2,Q,1,0,D,3,1],
[1,2,Q,1,0,D,4,1],
[1,2,S,1,0,E,0,1],
[1,2,S,1,0,E,1,1],
[1,2,S,1,0,E,2,1],
[1,2,S,1,0,E,3,1],
[1,2,S,1,0,E,4,1],
[1,2,C,1,0,E,0,1],
[1,2,C,1,0,E,1,1],
[1,2,C,1,0,E,2,1],
[1,2,C,1,0,E,3,1],
[1,2,C,1,0,E,4,1],
[1,2,Q,1,0,E,0,1],
[1,2,Q,1,0,E,1,1],
[1,2,Q,1,0,E,2,1],
[1,2,Q,1,0,E,3,1],
[1,2,Q,1,0,E,4,1],
[1,2,S,1,0,F,0,0],
[1,2,S,1,0,F,1,0],
[1,2,S,1,0,F,2,0],
[1,2,S,1,0,F,3,0],
[1,2,S,1,0,F,4,0],
[1,2,C,1,0,F,0,0],
[1,2,C,1,0,F,1,0],
[1,2,C,1,0,F,2,0],
[1,2,C,1,0,F,3,0],
[1,2,C,1,0,F,4,0],
[1,2,Q,1,0,F,0,0],
[1,2,Q,1,0,F,1,0],
[1,2,Q,1,0,F,2,0],
[1,2,Q,1,0,F,3,0],
[1,2,Q,1,0,F,4,0],
[1,2,S,1,0,G,0,0],
[1,2,S,1,0,G,1,0],
[1,2,S,1,0,G,2,0],
[1,2,S,1,0,G,3,0],
[1,2,S,1,0,G,4,0],
[1,2,C,1,0,G,0,0],
[1,2,C,1,0,G,1,0],
[1,2,C,1,0,G,2,0],
[1,2,C,1,0,G,3,0],
[1,2,C,1,0,G,4,0],
[1,2,Q,1,0,G,0,0],
[1,2,Q,1,0,G,1,0],
[1,2,Q,1,0,G,2,0],
[1,2,Q,1,0,G,3,0],
[1,2,Q,1,0,G,4,0],
[1,2,S,1,1,A,0,0],
[1,2,S,1,1,A,1,0],
[1,2,S,1,1,A,2,0],
[1,2,S,1,1,A,3,0],
[1,2,S,1,1,A,4,0],
[1,2,C,1,1,A,0,0],
[1,2,C,1,1,A,1,0],
[1,2,C,1,1,A,2,0],
[1,2,C,1,1,A,3,0],
[1,2,C,1,1,A,4,0],
[1,2,Q,1,1,A,0,0],
[1,2,Q,1,1,A,1,0],
[1,2,Q,1,1,A,2,0],
[1,2,Q,1,1,A,3,0],
[1,2,Q,1,1,A,4,0],
[1,2,S,1,1,B,0,1],
[1,2,S,1,1,B,1,1],
[1,2,S,1,1,B,2,1],
[1,2,S,1,1,B,3,1],
[1,2,S,1,1,B,4,1],
[1,2,C,1,1,B,0,1],
[1,2,C,1,1,B,1,1],
[1,2,C,1,1,B,2,1],
[1,2,C,1,1,B,3,1],
[1,2,C,1,1,B,4,1],
[1,2,Q,1,1,B,0,1],
[1,2,Q,1,1,B,1,1],
[1,2,Q,1,1,B,2,1],
[1,2,Q,1,1,B,3,1],
[1,2,Q,1,1,B,4,1],
[1,2,S,1,1,C,0,1],
[1,2,S,1,1,C,1,1],
[1,2,S,1,1,C,2,1],
[1,2,S,1,1,C,3,1],
[1,2,S,1,1,C,4,1],
[1,2,C,1,1,C,0,1],
[1,2,C,1,1,C,1,1],
[1,2,C,1,1,C,2,1],
[1,2,C,1,1,C,3,1],
[1,2,C,1,1,C,4,1],
[1,2,Q,1,1,C,0,1],
[1,2,Q,1,1,C,1,1],
[1,2,Q,1,1,C,2,1],
[1,2,Q,1,1,C,3,1],
[1,2,Q,1,1,C,4,1],
[1,2,S,1,1,D,0,1],
[1,2,S,1,1,D,1,1],
[1,2,S,1,1,D,2,1],
[1,2,S,1,1,D,3,1],
[1,2,S,1,1,D,4,1],
[1,2,C,1,1,D,0,1],
[1,2,C,1,1,D,1,1],
[1,2,C,1,1,D,2,1],
[1,2,C,1,1,D,3,1],
[1,2,C,1,1,D,4,1],
[1,2,Q,1,1,D,0,1],
[1,2,Q,1,1,D,1,1],
[1,2,Q,1,1,D,2,1],
[1,2,Q,1,1,D,3,1],
[1,2,Q,1,1,D,4,1],
[1,2,S,1,1,E,0,1],
[1,2,S,1,1,E,1,1],
[1,2,S,1,1,E,2,1],
[1,2,S,1,1,E,3,1],
[1,2,S,1,1,E,4,1],
[1,2,C,1,1,E,0,1],
[1,2,C,1,1,E,1,1],
[1,2,C,1,1,E,2,1],
[1,2,C,1,1,E,3,1],
[1,2,C,1,1,E,4,1],
[1,2,Q,1,1,E,0,1],
[1,2,Q,1,1,E,1,1],
[1,2,Q,1,1,E,2,1],
[1,2,Q,1,1,E,3,1],
[1,2,Q,1,1,E,4,1],
[1,2,S,1,1,F,0,0],
[1,2,S,1,1,F,1,0],
[1,2,S,1,1,F,2,0],
[1,2,S,1,1,F,3,0],
[1,2,S,1,1,F,4,0],
[1,2,C,1,1,F,0,0],
[1,2,C,1,1,F,1,0],
[1,2,C,1,1,F,2,0],
[1,2,C,1,1,F,3,0],
[1,2,C,1,1,F,4,0],
[1,2,Q,1,1,F,0,0],
[1,2,Q,1,1,F,1,0],
[1,2,Q,1,1,F,2,0],
[1,2,Q,1,1,F,3,0],
[1,2,Q,1,1,F,4,0],
[1,2,S,1,1,G,0,0],
[1,2,S,1,1,G,1,0],
[1,2,S,1,1,G,2,0],
[1,2,S,1,1,G,3,0],
[1,2,S,1,1,G,4,0],
[1,2,C,1,1,G,0,0],
[1,2,C,1,1,G,1,0],
[1,2,C,1,1,G,2,0],
[1,2,C,1,1,G,3,0],
[1,2,C,1,1,G,4,0],
[1,2,Q,1,1,G,0,0],
[1,2,Q,1,1,G,1,0],
[1,2,Q,1,1,G,2,0],
[1,2,Q,1,1,G,3,0],
[1,2,Q,1,1,G,4,0],
[0,3,S,0,0,A,0,0],
[0,3,S,0,0,A,1,0],
[0,3,S,0,0,A,2,0],
[0,3,S,0,0,A,3,0],
[0,3,S,0,0,A,4,0],
[0,3,C,0,0,A,0,0],
[0,3,C,0,0,A,1,0],
[0,3,C,0,0,A,2,0],
[0,3,C,0,0,A,3,0],
[0,3,C,0,0,A,4,0],
[0,3,Q,0,0,A,0,0],
[0,3,Q,0,0,A,1,0],
[0,3,Q,0,0,A,2,0],
[0,3,Q,0,0,A,3,0],
[0,3,Q,0,0,A,4,0],
[1,3,S,0,0,B,0,1],
[1,3,S,0,0,B,1,1],
[1,3,S,0,0,B,2,1],
[1,3,S,0,0,B,3,1],
[1,3,S,0,0,B,4,1],
[1,3,C,0,0,B,0,1],
[1,3,C,0,0,B,1,1],
[1,3,C,0,0,B,2,1],
[1,3,C,0,0,B,3,1],
[1,3,C,0,0,B,4,1],
[1,3,Q,0,0,B,0,1],
[1,3,Q,0,0,B,1,1],
[1,3,Q,0,0,B,2,1],
[1,3,Q,0,0,B,3,1],
[1,3,Q,0,0,B,4,1],
[1,3,S,0,0,C,0,1],
[1,3,S,0,0,C,1,1],
[1,3,S,0,0,C,2,1],
[1,3,S,0,0,C,3,1],
[1,3,S,0,0,C,4,1],
[1,3,C,0,0,C,0,1],
[1,3,C,0,0,C,1,1],
[1,3,C,0,0,C,2,1],
[1,3,C,0,0,C,3,1],
[1,3,C,0,0,C,4,1],
[1,3,Q,0,0,C,0,1],
[1,3,Q,0,0,C,1,1],
[1,3,Q,0,0,C,2,1],
[1,3,Q,0,0,C,3,1],
[1,3,Q,0,0,C,4,1],
[1,3,S,0,0,D,0,1],
[1,3,S,0,0,D,1,1],
[1,3,S,0,0,D,2,1],
[1,3,S,0,0,D,3,1],
[1,3,S,0,0,D,4,1],
[1,3,C,0,0,D,0,1],
[1,3,C,0,0,D,1,1],
[1,3,C,0,0,D,2,1],
[1,3,C,0,0,D,3,1],
[1,3,C,0,0,D,4,1],
[1,3,Q,0,0,D,0,1],
[1,3,Q,0,0,D,1,1],
[1,3,Q,0,0,D,2,1],
[1,3,Q,0,0,D,3,1],
[1,3,Q,0,0,D,4,1],
[1,3,S,0,0,E,0,1],
[1,3,S,0,0,E,1,1],
[1,3,S,0,0,E,2,1],
[1,3,S,0,0,E,3,1],
[1,3,S,0,0,E,4,1],
[1,3,C,0,0,E,0,1],
[1,3,C,0,0,E,1,1],
[1,3,C,0,0,E,2,1],
[1,3,C,0,0,E,3,1],
[1,3,C,0,0,E,4,1],
[1,3,Q,0,0,E,0,1],
[1,3,Q,0,0,E,1,1],
[1,3,Q,0,0,E,2,1],
[1,3,Q,0,0,E,3,1],
[1,3,Q,0,0,E,4,1],
[0,3,S,0,0,F,0,0],
[0,3,S,0,0,F,1,0],
[0,3,S,0,0,F,2,0],
[0,3,S,0,0,F,3,0],
[0,3,S,0,0,F,4,0],
[0,3,C,0,0,F,0,0],
[0,3,C,0,0,F,1,0],
[0,3,C,0,0,F,2,0],
[0,3,C,0,0,F,3,0],
[0,3,C,0,0,F,4,0],
[0,3,Q,0,0,F,0,0],
[0,3,Q,0,0,F,1,0],
[0,3,Q,0,0,F,2,0],
[0,3,Q,0,0,F,3,0],
[0,3,Q,0,0,F,4,0],
[0,3,S,0,0,G,0,0],
[0,3,S,0,0,G,1,0],
[0,3,S,0,0,G,2,0],
[0,3,S,0,0,G,3,0],
[0,3,S,0,0,G,4,0],
[0,3,C,0,0,G,0,0],
[0,3,C,0,0,G,1,0],
[0,3,C,0,0,G,2,0],
[0,3,C,0,0,G,3,0],
[0,3,C,0,0,G,4,0],
[0,3,Q,0,0,G,0,0],
[0,3,Q,0,0,G,1,0],
[0,3,Q,0,0,G,2,0],
[0,3,Q,0,0,G,3,0],
[0,3,Q,0,0,G,4,0],
[0,3,S,0,1,A,0,0],
[1,3,S,0,1,A,1,0],
[1,3,S,0,1,A,2,0],
[1,3,S,0,1,A,3,0],
[0,3,S,0,1,A,4,0],
[0,3,C,0,1,A,0,0],
[1,3,C,0,1,A,1,0],
[1,3,C,0,1,A,2,0],
[1,3,C,0,1,A,3,0],
[0,3,C,0,1,A,4,0],
[0,3,Q,0,1,A,0,0],
[1,3,Q,0,1,A,1,0],
[1,3,Q,0,1,A,2,0],
[1,3,Q,0,1,A,3,0],
[0,3,Q,0,1,A,4,0],
[1,3,S,0,1,B,0,1],
[1,3,S,0,1,B,1,1],
[1,3,S,0,1,B,2,1],
[1,3,S,0,1,B,3,1],
[1,3,S,0,1,B,4,1],
[1,3,C,0,1,B,0,1],
[1,3,C,0,1,B,1,1],
[1,3,C,0,1,B,2,1],
[1,3,C,0,1,B,3,1],
[1,3,C,0,1,B,4,1],
[1,3,Q,0,1,B,0,1],
[1,3,Q,0,1,B,1,1],
[1,3,Q,0,1,B,2,1],
[1,3,Q,0,1,B,3,1],
[1,3,Q,0,1,B,4,1],
[1,3,S,0,1,C,0,1],
[1,3,S,0,1,C,1,1],
[1,3,S,0,1,C,2,1],
[1,3,S,0,1,C,3,1],
[1,3,S,0,1,C,4,1],
[1,3,C,0,1,C,0,1],
[1,3,C,0,1,C,1,1],
[1,3,C,0,1,C,2,1],
[1,3,C,0,1,C,3,1],
[1,3,C,0,1,C,4,1],
[1,3,Q,0,1,C,0,1],
[1,3,Q,0,1,C,1,1],
[1,3,Q,0,1,C,2,1],
[1,3,Q,0,1,C,3,1],
[1,3,Q,0,1,C,4,1],
[1,3,S,0,1,D,0,1],
[1,3,S,0,1,D,1,1],
[1,3,S,0,1,D,2,1],
[1,3,S,0,1,D,3,1],
[1,3,S,0,1,D,4,1],
[1,3,C,0,1,D,0,1],
[1,3,C,0,1,D,1,1],
[1,3,C,0,1,D,2,1],
[1,3,C,0,1,D,3,1],
[1,3,C,0,1,D,4,1],
[1,3,Q,0,1,D,0,1],
[1,3,Q,0,1,D,1,1],
[1,3,Q,0,1,D,2,1],
[1,3,Q,0,1,D,3,1],
[1,3,Q,0,1,D,4,1],
[1,3,S,0,1,E,0,1],
[1,3,S,0,1,E,1,1],
[1,3,S,0,1,E,2,1],
[1,3,S,0,1,E,3,1],
[1,3,S,0,1,E,4,1],
[1,3,C,0,1,E,0,1],
[1,3,C,0,1,E,1,1],
[1,3,C,0,1,E,2,1],
[1,3,C,0,1,E,3,1],
[1,3,C,0,1,E,4,1],
[1,3,Q,0,1,E,0,1],
[1,3,Q,0,1,E,1,1],
[1,3,Q,0,1,E,2,1],
[1,3,Q,0,1,E,3,1],
[1,3,Q,0,1,E,4,1],
[0,3,S,0,1,F,0,0],
[1,3,S,0,1,F,1,0],
[1,3,S,0,1,F,2,0],
[1,3,S,0,1,F,3,0],
[0,3,S,0,1,F,4,0],
[0,3,C,0,1,F,0,0],
[1,3,C,0,1,F,1,0],
[1,3,C,0,1,F,2,0],
[1,3,C,0,1,F,3,0],
[0,3,C,0,1,F,4,0],
[0,3,Q,0,1,F,0,0],
[1,3,Q,0,1,F,1,0],
[1,3,Q,0,1,F,2,0],
[1,3,Q,0,1,F,3,0],
[0,3,Q,0,1,F,4,0],
[0,3,S,0,1,G,0,0],
[1,3,S,0,1,G,1,0],
[1,3,S,0,1,G,2,0],
[1,3,S,0,1,G,3,0],
[0,3,S,0,1,G,4,0],
[0,3,C,0,1,G,0,0],
[1,3,C,0,1,G,1,0],
[1,3,C,0,1,G,2,0],
[1,3,C,0,1,G,3,0],
[0,3,C,0,1,G,4,0],
[0,3,Q,0,1,G,0,0],
[1,3,Q,0,1,G,1,0],
[1,3,Q,0,1,G,2,0],
[1,3,Q,0,1,G,3,0],
[0,3,Q,0,1,G,4,0],
[1,3,S,1,0,A,0,0],
[0,3,S,1,0,A,1,0],
[1,3,S,1,0,A,2,0],
[1,3,S,1,0,A,3,0],
[0,3,S,1,0,A,4,0],
[1,3,C,1,0,A,0,0],
[0,3,C,1,0,A,1,0],
[1,3,C,1,0,A,2,0],
[1,3,C,1,0,A,3,0],
[0,3,C,1,0,A,4,0],
[1,3,Q,1,0,A,0,0],
[0,3,Q,1,0,A,1,0],
[1,3,Q,1,0,A,2,0],
[1,3,Q,1,0,A,3,0],
[0,3,Q,1,0,A,4,0],
[1,3,S,1,0,B,0,1],
[1,3,S,1,0,B,1,1],
[1,3,S,1,0,B,2,1],
[1,3,S,1,0,B,3,1],
[1,3,S,1,0,B,4,1],
[1,3,C,1,0,B,0,1],
[1,3,C,1,0,B,1,1],
[1,3,C,1,0,B,2,1],
[1,3,C,1,0,B,3,1],
[1,3,C,1,0,B,4,1],
[1,3,Q,1,0,B,0,1],
[1,3,Q,1,0,B,1,1],
[1,3,Q,1,0,B,2,1],
[1,3,Q,1,0,B,3,1],
[1,3,Q,1,0,B,4,1],
[1,3,S,1,0,C,0,1],
[1,3,S,1,0,C,1,1],
[1,3,S,1,0,C,2,1],
[1,3,S,1,0,C,3,1],
[1,3,S,1,0,C,4,1],
[1,3,C,1,0,C,0,1],
[1,3,C,1,0,C,1,1],
[1,3,C,1,0,C,2,1],
[1,3,C,1,0,C,3,1],
[1,3,C,1,0,C,4,1],
[1,3,Q,1,0,C,0,1],
[1,3,Q,1,0,C,1,1],
[1,3,Q,1,0,C,2,1],
[1,3,Q,1,0,C,3,1],
[1,3,Q,1,0,C,4,1],
[1,3,S,1,0,D,0,1],
[1,3,S,1,0,D,1,1],
[1,3,S,1,0,D,2,1],
[1,3,S,1,0,D,3,1],
[1,3,S,1,0,D,4,1],
[1,3,C,1,0,D,0,1],
[1,3,C,1,0,D,1,1],
[1,3,C,1,0,D,2,1],
[1,3,C,1,0,D,3,1],
[1,3,C,1,0,D,4,1],
[1,3,Q,1,0,D,0,1],
[1,3,Q,1,0,D,1,1],
[1,3,Q,1,0,D,2,1],
[1,3,Q,1,0,D,3,1],
[1,3,Q,1,0,D,4,1],
[1,3,S,1,0,E,0,1],
[1,3,S,1,0,E,1,1],
[1,3,S,1,0,E,2,1],
[1,3,S,1,0,E,3,1],
[1,3,S,1,0,E,4,1],
[1,3,C,1,0,E,0,1],
[1,3,C,1,0,E,1,1],
[1,3,C,1,0,E,2,1],
[1,3,C,1,0,E,3,1],
[1,3,C,1,0,E,4,1],
[1,3,Q,1,0,E,0,1],
[1,3,Q,1,0,E,1,1],
[1,3,Q,1,0,E,2,1],
[1,3,Q,1,0,E,3,1],
[1,3,Q,1,0,E,4,1],
[1,3,S,1,0,F,0,0],
[0,3,S,1,0,F,1,0],
[1,3,S,1,0,F,2,0],
[1,3,S,1,0,F,3,0],
[0,3,S,1,0,F,4,0],
[1,3,C,1,0,F,0,0],
[0,3,C,1,0,F,1,0],
[1,3,C,1,0,F,2,0],
[1,3,C,1,0,F,3,0],
[0,3,C,1,0,F,4,0],
[1,3,Q,1,0,F,0,0],
[0,3,Q,1,0,F,1,0],
[1,3,Q,1,0,F,2,0],
[1,3,Q,1,0,F,3,0],
[0,3,Q,1,0,F,4,0],
[1,3,S,1,0,G,0,0],
[0,3,S,1,0,G,1,0],
[1,3,S,1,0,G,2,0],
[1,3,S,1,0,G,3,0],
[0,3,S,1,0,G,4,0],
[1,3,C,1,0,G,0,0],
[0,3,C,1,0,G,1,0],
[1,3,C,1,0,G,2,0],
[1,3,C,1,0,G,3,0],
[0,3,C,1,0,G,4,0],
[1,3,Q,1,0,G,0,0],
[0,3,Q,1,0,G,1,0],
[1,3,Q,1,0,G,2,0],
[1,3,Q,1,0,G,3,0],
[0,3,Q,1,0,G,4,0],
[1,3,S,1,1,A,0,0],
[1,3,S,1,1,A,1,0],
[1,3,S,1,1,A,2,0],
[1,3,S,1,1,A,3,0],
[0,3,S,1,1,A,4,0],
[1,3,C,1,1,A,0,0],
[1,3,C,1,1,A,1,0],
[1,3,C,1,1,A,2,0],
[1,3,C,1,1,A,3,0],
[0,3,C,1,1,A,4,0],
[1,3,Q,1,1,A,0,0],
[1,3,Q,1,1,A,1,0],
[1,3,Q,1,1,A,2,0],
[1,3,Q,1,1,A,3,0],
[0,3,Q,1,1,A,4,0],
[1,3,S,1,1,B,0,1],
[1,3,S,1,1,B,1,1],
[1,3,S,1,1,B,2,1],
[1,3,S,1,1,B,3,1],
[0,3,S,1,1,B,4,1],
[1,3,C,1,1,B,0,1],
[1,3,C,1,1,B,1,1],
[1,3,C,1,1,B,2,1],
[1,3,C,1,1,B,3,1],
[0,3,C,1,1,B,4,1],
[1,3,Q,1,1,B,0,1],
[1,3,Q,1,1,B,1,1],
[1,3,Q,1,1,B,2,1],
[1,3,Q,1,1,B,3,1],
[0,3,Q,1,1,B,4,1],
[1,3,S,1,1,C,0,1],
[1,3,S,1,1,C,1,1],
[1,3,S,1,1,C,2,1],
[1,3,S,1,1,C,3,1],
[0,3,S,1,1,C,4,1],
[1,3,C,1,1,C,0,1],
[1,3,C,1,1,C,1,1],
[1,3,C,1,1,C,2,1],
[1,3,C,1,1,C,3,1],
[0,3,C,1,1,C,4,1],
[1,3,Q,1,1,C,0,1],
[1,3,Q,1,1,C,1,1],
[1,3,Q,1,1,C,2,1],
[1,3,Q,1,1,C,3,1],
[0,3,Q,1,1,C,4,1],
[1,3,S,1,1,D,0,1],
[1,3,S,1,1,D,1,1],
[1,3,S,1,1,D,2,1],
[1,3,S,1,1,D,3,1],
[0,3,S,1,1,D,4,1],
[1,3,C,1,1,D,0,1],
[1,3,C,1,1,D,1,1],
[1,3,C,1,1,D,2,1],
[1,3,C,1,1,D,3,1],
[0,3,C,1,1,D,4,1],
[1,3,Q,1,1,D,0,1],
[1,3,Q,1,1,D,1,1],
[1,3,Q,1,1,D,2,1],
[1,3,Q,1,1,D,3,1],
[0,3,Q,1,1,D,4,1],
[1,3,S,1,1,E,0,1],
[1,3,S,1,1,E,1,1],
[1,3,S,1,1,E,2,1],
[1,3,S,1,1,E,3,1],
[0,3,S,1,1,E,4,1],
[1,3,C,1,1,E,0,1],
[1,3,C,1,1,E,1,1],
[1,3,C,1,1,E,2,1],
[1,3,C,1,1,E,3,1],
[0,3,C,1,1,E,4,1],
[1,3,Q,1,1,E,0,1],
[1,3,Q,1,1,E,1,1],
[1,3,Q,1,1,E,2,1],
[1,3,Q,1,1,E,3,1],
[0,3,Q,1,1,E,4,1],
[1,3,S,1,1,F,0,0],
[1,3,S,1,1,F,1,0],
[1,3,S,1,1,F,2,0],
[1,3,S,1,1,F,3,0],
[0,3,S,1,1,F,4,0],
[1,3,C,1,1,F,0,0],
[1,3,C,1,1,F,1,0],
[1,3,C,1,1,F,2,0],
[1,3,C,1,1,F,3,0],
[0,3,C,1,1,F,4,0],
[1,3,Q,1,1,F,0,0],
[1,3,Q,1,1,F,1,0],
[1,3,Q,1,1,F,2,0],
[1,3,Q,1,1,F,3,0],
[0,3,Q,1,1,F,4,0],
[1,3,S,1,1,G,0,0],
[1,3,S,1,1,G,1,0],
[1,3,S,1,1,G,2,0],
[1,3,S,1,1,G,3,0],
[0,3,S,1,1,G,4,0],
[1,3,C,1,1,G,0,0],
[1,3,C,1,1,G,1,0],
[1,3,C,1,1,G,2,0],
[1,3,C,1,1,G,3,0],
[0,3,C,1,1,G,4,0],
[1,3,Q,1,1,G,0,0],
[1,3,Q,1,1,G,1,0],
[1,3,Q,1,1,G,2,0],
[1,3,Q,1,1,G,3,0],
[0,3,Q,1,1,G,4,0]